1	1	1	160	240	2280	2850;
1	1	1	186	280	2400	2790;
1	1	2	203	390	2030	2640;
1	1	2	192	310	1980	2550;
1	1	3	161	490	1870	2420;
1	1	3	155	570	1700	2600;
1	1	4	140	560	1820	2660;
1	1	4	180	630	1700	2550;
1	1	5	144	590	1250	2620;
1	1	5	148	620	1300	2530;
1	1	6	148	740	1070	2490;
1	1	6	170	800	1060	2640;
1	1	7	161	600	970	2280;
1	1	7	158	660	980	2220;
1	1	8	163	440	1120	2210;
1	1	8	190	400	1070	2280;
1	1	9	160	240	1040	2150;
1	1	9	157	270	930	2280;
1	1	10	177	370	1520	1670;
1	1	10	164	460	1330	1590;
1	2	1	147	220	2220	2910;
1	2	1	148	210	2360	3250;
1	2	2	141	410	1890	2680;
1	2	2	139	420	1850	2500;
1	2	3	136	500	1760	2590;
1	2	3	135	510	1710	2380;
1	2	4	128	690	1610	2560;
1	2	4	131	700	1690	2580;
1	2	5	140	650	1080	2420;
1	2	5	125	625	1060	2490;
1	2	6	140	650	1040	2450;
1	2	6	136	670	1100	2430;
1	2	7	149	580	580	2470;
1	2	7	140	560	560	2410;
1	2	8	145	450	940	1910;
1	2	8	141	410	830	2240;
1	2	9	140	280	650	3300;
1	2	9	137	260	660	3300;
1	2	10	145	510	1210	1570;
1	2	10	145	510	1130	1510;
1	3	1	105	250	2180	2680;
1	3	1	111	244	2300	2780;
1	3	2	100	400	1930	2610;
1	3	2	104	400	1990	2700;
1	3	3	100	550	1810	2500;
1	3	3	95	540	1810	2480;
1	3	4	93	630	1710	2400;
1	3	4	94	658	1755	2305;
1	3	5	100	600	1200	2320;
1	3	5	105	612	1160	2350;
1	3	6	91	640	1080	2140;
1	3	6	94	720	1090	2230;
1	3	7	92	550	870	2300;
1	3	7	120	540	840	2280;
1	3	8	114	460	1150	2290;
1	3	8	114	456	1030	2300;
1	3	9	112	340	950	2240;
1	3	9	112	326	900	2190;
1	3	10	100	500	1370	1780;
1	3	10	106	530	1330	1800;
1	4	1	150	300	2240	3400;
1	4	1	156	280	2450	3200;
1	4	2	156	450	1960	2400;
1	4	2	146	440	2050	2360;
1	4	3	130	570	1780	2410;
1	4	3	150	555	1890	2440;
1	4	4	125	750	1610	2340;
1	4	4	136	770	1580	2350;
1	4	5	132	660	1200	2330;
1	4	5	150	675	1140	2380;
1	4	6	125	750	1100	2550;
1	4	6	138	800	1120	2500;
1	4	7	143	540	850	2320;
1	4	7	150	555	890	2370;
1	4	8	136	460	960	2210;
1	4	8	156	460	1000	2350;
1	4	9	140	380	950	2050;
1	4	9	148	385	850	2330;
1	4	10	150	590	1400	1840;
1	4	10	145	555	1430	1730;
1	5	1	140	310	2310	2820;
1	5	1	131	260	2250	2850;
1	5	2	137	440	2060	2640;
1	5	2	134	430	1880	2450;
1	5	3	140	580	1910	2500;
1	5	3	137	550	1770	2400;
1	5	4	143	830	1720	2180;
1	5	4	135	750	1690	2320;
1	5	5	136	630	1300	1950;
1	5	5	130	650	1170	2000;
1	5	6	131	760	1220	2140;
1	5	6	126	720	1260	2020;
1	5	7	136	540	970	1980;
1	5	7	124	550	880	1950;
1	5	8	133	470	1040	1990;
1	5	8	132	490	990	1920;
1	5	9	141	380	950	2140;
1	5	9	133	330	800	2130;
1	5	10	143	560	1510	1800;
1	5	10	136	510	1460	1700;
1	6	1	125	312	2350	2800;
1	6	1	119	330	2430	2870;
1	6	2	133	420	2000	2660;
1	6	2	125	313	2000	2750;
1	6	3	120	600	1860	2500;
1	6	3	114	570	1830	2570;
1	6	4	119	676	1670	2540;
1	6	4	125	725	1687	2500;
1	6	5	118	680	1150	2560;
1	6	5	125	726	1270	2560;
1	6	6	125	740	1100	2680;
1	6	6	113	670	960	2650;
1	6	7	120	660	1030	2690;
1	6	7	125	720	960	2700;
1	6	8	120	456	1080	2520;
1	6	8	120	450	1140	2600;
1	6	9	125	313	838	2340;
1	6	9	125	288	938	2450;
1	6	10	120	503	1305	1775;
1	6	10	120	505	1320	1750;
1	7	1	186	320	2320	3120;
1	7	1	172	310	2280	3020;
1	7	2	167	470	2000	2660;
1	7	2	170	410	2040	2715;
1	7	3	167	630	1900	2860;
1	7	3	146	614	1840	2770;
1	7	4	143	740	1800	2450;
1	7	4	162	775	1810	2200;
1	7	5	167	620	1240	2410;
1	7	5	160	640	1250	2400;
1	7	6	162	650	970	2580;
1	7	6	163	650	980	2350;
1	7	7	145	430	720	2450;
1	7	7	171	510	800	2500;
1	7	8	170	460	1120	2150;
1	7	8	170	493	1120	2300;
1	7	9	175	380	1040	2260;
1	7	9	200	400	1000	2350;
1	7	10	167	570	1300	1750;
1	7	10	157	565	1370	1710;
1	8	1	105	230	2480	3200;
1	8	1	109	218	2380	3100;
1	8	2	110	320	2200	2680;
1	8	2	103	206	2130	2570;
1	8	3	107	430	2100	2630;
1	8	3	105	515	1760	2470;
1	8	4	107	514	2060	2600;
1	8	4	106	552	1820	2500;
1	8	5	108	640	1300	2300;
1	8	5	104	624	1350	2410;
1	8	6	111	714	1170	2420;
1	8	6	97	650	1150	2350;
1	8	7	107	590	965	2500;
1	8	7	109	578	970	2460;
1	8	8	111	467	1110	2400;
1	8	8	105	475	1220	2310;
1	8	9	107	270	910	2200;
1	8	9	108	260	975	2320;
1	8	10	107	460	1400	1790;
1	8	10	103	425	1410	1760;
1	9	1	175	316	2200	2800;
1	9	1	175	280	2275	2775;
1	9	2	167	450	1820	2475;
1	9	2	167	434	1850	2425;
1	9	3	157	582	1725	2375;
1	9	3	158	586	1800	2425;
1	9	4	150	600	1750	2375;
1	9	4	145	582	1775	2375;
1	9	5	145	626	1125	2200;
1	9	5	160	641	1120	2225;
1	9	6	144	708	1054	2420;
1	9	6	150	705	1050	2375;
1	9	7	146	614	848	2200;
1	9	7	143	600	860	2175;
1	9	8	167	500	1000	2325;
1	9	8	167	500	1000	2325;
1	9	9	167	334	1150	2200;
1	9	9	183	312	1020	2300;
1	9	10	157	518	1305	1570;
1	9	10	157	504	1210	1510;
1	10	1	129	260	2260	2820;
1	10	1	125	250	2200	2825;
1	10	2	146	400	2040	2500;
1	10	2	144	389	2000	2425;
1	10	3	126	500	1870	2500;
1	10	3	125	500	1775	2450;
1	10	4	110	660	1650	2500;
1	10	4	120	624	1700	2475;
1	10	5	122	650	1220	2550;
1	10	5	120	672	1260	2500;
1	10	6	114	750	1080	2680;
1	10	6	114	777	1026	2625;
1	10	7	115	580	800	2650;
1	10	7	117	585	819	2625;
1	10	8	140	480	950	2500;
1	10	8	127	461	993	2350;
1	10	9	140	280	950	2300;
1	10	9	133	266	920	2300;
1	10	10	128	500	1340	1700;
1	10	10	133	532	1275	1600;
1	11	1	146	248	2225	3100;
1	11	1	140	238	2175	3075;
1	11	2	150	405	1925	2550;
1	11	2	138	416	1940	2600;
1	11	3	147	588	1790	2500;
1	11	3	133	586	1725	2650;
1	11	4	145	725	1700	2425;
1	11	4	127	710	1650	2220;
1	11	5	136	586	1078	2300;
1	11	5	136	627	1038	2360;
1	11	6	145	725	1046	2325;
1	11	6	131	746	1018	2300;
1	11	7	140	560	840	2500;
1	11	7	140	560	924	2350;
1	11	8	150	495	1080	2275;
1	11	8	143	430	1030	2275;
1	11	9	162	290	760	2300;
1	11	9	157	315	850	2025;
1	11	10	150	511	1561	1876;
1	11	10	138	530	1450	1887;
1	12	1	110	220	2410	3000;
1	12	1	125	240	2440	3280;
1	12	2	120	450	1880	2450;
1	12	2	118	380	1930	2420;
1	12	3	115	560	1650	2300;
1	12	3	123	560	1720	2300;
1	12	4	110	680	1720	2330;
1	12	4	133	630	1680	2280;
1	12	5	110	560	1430	2250;
1	12	5	120	560	1390	2240;
1	12	6	108	800	1330	2260;
1	12	6	110	740	1240	2280;
1	12	7	120	600	920	2080;
1	12	7	133	580	910	2000;
1	12	8	130	400	1200	2210;
1	12	8	110	420	1230	2230;
1	12	9	122	300	900	2130;
1	12	9	123	260	1010	2240;
1	12	10	125	400	1450	1650;
1	12	10	128	360	1410	1640;
1	13	1	142	290	2290	2600;
1	13	1	135	260	2290	2700;
1	13	2	132	390	1950	2550;
1	13	2	135	400	1900	2450;
1	13	3	124	490	1740	2500;
1	13	3	125	500	1780	2430;
1	13	4	125	660	1630	2500;
1	13	4	132	670	1630	2380;
1	13	5	140	600	1220	2530;
1	13	5	125	600	1210	2430;
1	13	6	125	680	1120	2630;
1	13	6	128	670	1100	2700;
1	13	7	127	510	720	2450;
1	13	7	120	480	710	2540;
1	13	8	133	380	910	2350;
1	13	8	140	440	1030	2400;
1	13	9	127	350	720	2750;
1	13	9	140	380	740	2880;
1	13	10	128	430	1370	1610;
1	13	10	135	440	1360	1600;
1	14	1	114	228	2350	2860;
1	14	1	118	220	2350	2920;
1	14	2	110	407	2070	2500;
1	14	2	112	420	1900	2450;
1	14	3	106	445	2020	2420;
1	14	3	115	470	2020	2500;
1	14	4	103	721	1680	2400;
1	14	4	109	750	1710	2440;
1	14	5	104	552	1122	2500;
1	14	5	115	580	1150	2600;
1	14	6	98	686	1078	2570;
1	14	6	103	700	1050	2680;
1	14	7	102	560	665	2620;
1	14	7	106	550	650	2700;
1	14	8	112	448	980	2370;
1	14	8	104	410	940	2370;
1	14	9	116	232	696	2200;
1	14	9	117	222	665	2080;
1	14	10	120	432	1300	1400;
1	14	10	111	420	1300	1570;
1	15	1	121	230	2100	2850;
1	15	1	118	240	2000	2980;
1	15	2	130	365	1900	2340;
1	15	2	119	300	2040	2560;
1	15	3	112	440	1980	2310;
1	15	3	120	410	2050	2500;
1	15	4	133	620	1710	2110;
1	15	4	124	660	1800	2150;
1	15	5	120	660	1000	2380;
1	15	5	110	660	960	2450;
1	15	6	122	600	830	2250;
1	15	6	119	620	820	2400;
1	15	7	117	500	620	2250;
1	15	7	106	550	700	2550;
1	15	8	140	390	730	2180;
1	15	8	130	360	740	2200;
1	15	9	131	260	720	2100;
1	15	9	132	260	740	2040;
1	15	10	125	450	1230	1600;
1	15	10	127	460	1300	1650;
1	16	1	150	300	2355	3250;
1	16	1	150	300	2460	3280;
1	16	2	160	385	2242	2805;
1	16	2	150	407	2250	2780;
1	16	3	140	504	2090	2720;
1	16	3	146	543	1980	2640;
1	16	4	133	680	1958	2542;
1	16	4	141	708	1840	2535;
1	16	5	150	675	1320	2550;
1	16	5	150	704	1393	2550;
1	16	6	137	825	1168	2750;
1	16	6	135	840	1210	2680;
1	16	7	143	671	1000	2670;
1	16	7	147	690	968	2660;
1	16	8	143	443	1273	2430;
1	16	8	153	459	1286	2410;
1	16	9	146	395	1300	2160;
1	16	9	153	400	1320	2150;
1	16	10	140	532	1500	1890;
1	16	10	146	538	1460	1818;
1	17	1	120	264	2290	2700;
1	17	1	128	256	2305	2635;
1	17	2	112	380	1880	2440;
1	17	2	115	346	1930	2390;
1	17	3	100	510	1780	2300;
1	17	3	108	520	1730	2275;
1	17	4	100	630	1770	2350;
1	17	4	105	630	1642	2170;
1	17	5	103	601	1273	2130;
1	17	5	105	590	1283	2150;
1	17	6	100	750	1150	2440;
1	17	6	95	703	1092	2320;
1	17	7	97	565	780	2350;
1	17	7	106	584	849	2460;
1	17	8	105	420	1100	2140;
1	17	8	111	422	1200	2175;
1	17	9	117	315	1080	2260;
1	17	9	125	326	1125	2210;
1	17	10	111	444	1300	1625;
1	17	10	109	469	1288	1600;
1	18	1	124	210	2100	3090;
1	18	1	130	220	2080	3180;
1	18	2	128	280	2000	2710;
1	18	2	130	310	1950	2670;
1	18	3	121	470	1910	2580;
1	18	3	129	490	1930	2650;
1	18	4	116	640	1620	2200;
1	18	4	118	650	1580	2360;
1	18	5	121	610	1100	2230;
1	18	5	126	620	1120	2330;
1	18	6	118	700	1100	2240;
1	18	6	120	670	1100	2220;
1	18	7	122	460	720	2180;
1	18	7	118	470	690	2200;
1	18	8	129	320	770	1860;
1	18	8	130	310	790	1920;
1	18	9	140	210	670	1900;
1	18	9	148	240	730	1850;
1	18	10	128	390	1320	1550;
1	18	10	124	420	1240	1510;
1	19	1	129	190	2650	3280;
1	19	1	135	190	2700	3170;
1	19	2	132	370	1750	2700;
1	19	2	130	370	1800	2750;
1	19	3	122	370	1680	2560;
1	19	3	125	375	1700	2500;
1	19	4	121	550	1570	2600;
1	19	4	120	530	1610	2650;
1	19	5	118	570	1050	2500;
1	19	5	125	590	1100	2480;
1	19	6	112	640	970	2870;
1	19	6	122	670	980	2900;
1	19	7	113	560	860	2900;
1	19	7	121	570	820	2820;
1	19	8	125	350	1000	2500;
1	19	8	130	380	920	2370;
1	19	9	130	250	1000	2100;
1	19	9	140	210	960	1940;
1	19	10	130	360	1300	1920;
1	19	10	133	370	1300	1760;
1	20	1	127	250	2180	2660;
1	20	1	131	260	2210	2780;
1	20	2	121	400	1900	2440;
1	20	2	122	350	1980	2480;
1	20	3	116	560	1670	2310;
1	20	3	124	530	1700	2380;
1	20	4	120	680	1470	2280;
1	20	4	119	620	1580	2320;
1	20	5	120	620	1100	2390;
1	20	5	125	640	1110	2370;
1	20	6	115	630	980	2330;
1	20	6	121	670	940	2380;
1	20	7	112	560	790	2480;
1	20	7	120	610	840	2420;
1	20	8	121	360	860	2200;
1	20	8	120	400	840	2200;
1	20	9	140	280	670	2140;
1	20	9	126	250	720	2190;
1	20	10	120	480	1410	1760;
1	20	10	121	470	1330	1700;
1	21	1	155	280	2400	2910;
1	21	1	150	300	2320	2960;
1	21	2	142	410	2060	2680;
1	21	2	150	450	2050	2670;
1	21	3	135	540	1900	2530;
1	21	3	135	540	1920	2520;
1	21	4	138	620	1800	2440;
1	21	4	140	690	1820	2480;
1	21	5	150	630	1200	2600;
1	21	5	140	680	1290	2600;
1	21	6	145	740	1110	2500;
1	21	6	143	700	1060	2720;
1	21	7	146	600	970	2570;
1	21	7	138	650	880	2660;
1	21	8	142	430	1130	2440;
1	21	8	143	430	1150	2420;
1	21	9	142	280	990	2330;
1	21	9	145	290	1000	2300;
1	21	10	150	420	1350	1600;
1	21	10	150	450	1350	1600;
1	22	1	135	300	2300	2800;
1	22	1	135	350	2240	2760;
1	22	2	136	410	2200	2680;
1	22	2	138	440	2080	2520;
1	22	3	133	580	1870	2320;
1	22	3	127	520	1900	2400;
1	22	4	130	760	1920	2480;
1	22	4	132	670	1850	2560;
1	22	5	139	810	1110	2100;
1	22	5	131	770	1150	2100;
1	22	6	141	700	1040	2120;
1	22	6	125	750	1160	2080;
1	22	7	133	670	920	2240;
1	22	7	142	570	850	2250;
1	22	8	140	550	970	2200;
1	22	8	141	490	870	2240;
1	22	9	150	300	600	2300;
1	22	9	148	230	570	2100;
1	22	10	140	560	1520	2100;
1	22	10	140	540	1570	2050;
1	23	1	125	240	2100	2900;
1	23	1	119	240	2150	2860;
1	23	2	130	380	1870	2450;
1	23	2	120	430	1710	2350;
1	23	3	119	580	1770	2500;
1	23	3	117	570	1750	2400;
1	23	4	115	760	1580	2440;
1	23	4	110	715	1500	2300;
1	23	5	124	620	880	2500;
1	23	5	124	650	1000	2520;
1	23	6	119	710	950	2520;
1	23	6	120	690	960	2520;
1	23	7	125	460	610	2500;
1	23	7	120	470	710	2500;
1	23	8	125	390	900	2100;
1	23	8	125	460	920	2140;
1	23	9	125	250	690	2080;
1	23	9	130	270	650	2050;
1	23	10	122	540	1280	1720;
1	23	10	118	510	1280	1650;
1	24	1	148	280	2450	2700;
1	24	1	160	288	2500	2880;
1	24	2	160	400	2080	2530;
1	24	2	153	384	2110	2500;
1	24	3	138	590	1900	2200;
1	24	3	153	583	1840	2250;
1	24	4	145	680	1850	2400;
1	24	4	140	685	1780	2160;
1	24	5	143	660	1370	2110;
1	24	5	145	680	1300	2100;
1	24	6	140	760	1260	2120;
1	24	6	135	770	1140	2020;
1	24	7	145	500	800	1850;
1	24	7	132	600	1000	2000;
1	24	8	157	380	1060	1950;
1	24	8	150	470	1220	2150;
1	24	9	162	324	800	2220;
1	24	9	139	290	800	2150;
1	24	10	150	560	1350	1780;
1	24	10	150	600	1470	1820;
1	25	1	110	250	2190	3000;
1	25	1	106	254	2085	2890;
1	25	2	111	330	1967	2670;
1	25	2	108	430	1940	2590;
1	25	3	116	464	2100	2700;
1	25	3	105	504	1995	2780;
1	25	4	94	595	1900	2700;
1	25	4	100	670	1860	2500;
1	25	5	96	620	1200	2420;
1	25	5	105	630	1127	2420;
1	25	6	100	750	1160	2360;
1	25	6	96	740	1155	2330;
1	25	7	101	460	740	2300;
1	25	7	105	494	789	2420;
1	25	8	113	400	1020	2200;
1	25	8	128	450	1028	2160;
1	25	9	140	392	1000	2120;
1	25	9	116	350	898	2140;
1	25	10	117	547	1340	1688;
1	25	10	128	512	1280	1570;
1	26	1	123	246	2185	2730;
1	26	1	133	267	2280	2800;
1	26	2	140	420	2300	2800;
1	26	2	120	384	2110	2620;
1	26	3	120	480	1920	2540;
1	26	3	112	551	1788	2450;
1	26	4	114	628	1837	2570;
1	26	4	111	622	1890	2560;
1	26	5	114	628	1254	2470;
1	26	5	114	617	1255	2480;
1	26	6	117	690	1072	2660;
1	26	6	103	630	1000	2530;
1	26	7	117	510	700	2650;
1	26	7	120	504	756	2540;
1	26	8	122	465	990	2440;
1	26	8	125	462	976	2450;
1	26	9	120	324	708	2440;
1	26	9	157	387	786	2518;
1	26	10	122	488	1468	1712;
1	26	10	118	472	1465	1725;
1	27	1	138	275	2060	2800;
1	27	1	136	270	2020	2790;
1	27	2	133	349	2030	2760;
1	27	2	136	340	1940	2560;
1	27	3	120	444	1800	2500;
1	27	3	127	380	1800	2440;
1	27	4	125	688	1600	2300;
1	27	4	122	660	1570	2380;
1	27	5	128	565	1157	2310;
1	27	5	130	550	1150	2250;
1	27	6	125	712	1024	2250;
1	27	6	125	670	1080	2300;
1	27	7	125	550	913	2360;
1	27	7	126	550	890	2280;
1	27	8	128	360	1028	2160;
1	27	8	140	390	1060	2150;
1	27	9	133	294	930	2050;
1	27	9	140	280	1000	2160;
1	27	10	125	440	1250	1625;
1	27	10	130	480	1160	1520;
1	28	1	125	320	2160	2900;
1	28	1	133	267	2230	3000;
1	28	2	115	440	1750	2400;
1	28	2	116	390	1780	2450;
1	28	3	117	525	1800	2480;
1	28	3	110	520	1750	2390;
1	28	4	111	660	1600	2400;
1	28	4	120	720	1680	2430;
1	28	5	117	600	1250	2300;
1	28	5	125	575	1170	2240;
1	28	6	111	730	1160	2340;
1	28	6	117	860	1280	2470;
1	28	7	114	560	810	2290;
1	28	7	116	584	840	2280;
1	28	8	130	455	970	2140;
1	28	8	120	456	1040	2038;
1	28	9	125	350	820	2130;
1	28	9	128	366	772	2058;
1	28	10	111	450	1420	1870;
1	28	10	118	472	1430	1840;
1	29	1	133	333	2305	3200;
1	29	1	131	326	2260	3030;
1	29	2	125	375	2188	2750;
1	29	2	133	400	2150	2680;
1	29	3	125	500	1980	2480;
1	29	3	150	480	1950	2340;
1	29	4	116	640	1710	2450;
1	29	4	123	615	1720	2220;
1	29	5	116	583	1110	2360;
1	29	5	117	608	1120	2700;
1	29	6	111	777	1170	2600;
1	29	6	114	750	1175	2820;
1	29	7	105	630	891	2519;
1	29	7	114	572	924	2660;
1	29	8	125	438	975	2300;
1	29	8	140	420	938	2300;
1	29	9	133	333	800	2130;
1	29	9	140	320	840	2150;
1	29	10	120	480	1320	1870;
1	29	10	127	483	1335	1844;
1	30	1	166	267	2300	2940;
1	30	1	156	220	2300	2900;
1	30	2	154	431	2040	2460;
1	30	2	155	360	2010	2400;
1	30	3	150	565	1950	2500;
1	30	3	180	540	2000	2450;
1	30	4	143	600	2000	2570;
1	30	4	138	590	1950	2460;
1	30	5	157	630	1140	2200;
1	30	5	186	630	1170	2280;
1	30	6	146	730	1048	2450;
1	30	6	155	730	1130	2320;
1	30	7	150	600	900	2400;
1	30	7	178	640	890	2280;
1	30	8	160	448	960	2200;
1	30	8	196	450	1000	2180;
1	30	9	167	333	835	2170;
1	30	9	198	280	750	2170;
1	30	10	163	488	1300	1600;
1	30	10	163	490	1380	1620;
1	31	1	120	312	2380	2900;
1	31	1	120	300	2350	3000;
1	31	2	140	490	2000	2620;
1	31	2	140	490	1960	2600;
1	31	3	125	640	2000	2620;
1	31	3	111	555	1870	2540;
1	31	4	112	697	1610	2540;
1	31	4	114	684	1634	2510;
1	31	5	115	633	1260	2530;
1	31	5	120	660	1213	2460;
1	31	6	112	730	1203	2700;
1	31	6	107	752	1125	2620;
1	31	7	108	507	755	2420;
1	31	7	116	538	816	2450;
1	31	8	114	456	1040	2300;
1	31	8	120	480	1120	2160;
1	31	9	123	344	960	2150;
1	31	9	125	350	1000	2250;
1	31	10	112	539	1370	1800;
1	31	10	117	549	1353	1728;
1	32	1	146	292	2500	3150;
1	32	1	133	266	2370	3100;
1	32	2	143	372	2220	2640;
1	32	2	131	350	2130	2610;
1	32	3	133	574	1840	2260;
1	32	3	133	563	1960	2450;
1	32	4	125	650	1738	2400;
1	32	4	130	663	1820	2400;
1	32	5	137	600	1370	2180;
1	32	5	125	625	1312	2250;
1	32	6	133	735	1070	2100;
1	32	6	117	713	1180	2200;
1	32	7	125	625	875	2180;
1	32	7	115	700	1000	2250;
1	32	8	150	420	1100	2000;
1	32	8	140	420	1120	2100;
1	32	9	125	350	980	2200;
1	32	9	133	320	918	2100;
1	32	10	143	554	1480	1800;
1	32	10	128	484	1505	1890;
1	33	1	143	286	2415	2860;
1	33	1	150	300	2415	2860;
1	33	2	140	400	1980	2500;
1	33	2	145	407	2095	2620;
1	33	3	125	525	1988	2610;
1	33	3	144	553	1935	2530;
1	33	4	133	640	1773	2490;
1	33	4	133	640	1840	2560;
1	33	5	143	672	1272	2640;
1	33	5	146	658	1241	2560;
1	33	6	130	780	1170	2640;
1	33	6	131	788	1115	2645;
1	33	7	138	633	891	2500;
1	33	7	150	600	935	2550;
1	33	8	175	490	1102	2420;
1	33	8	154	492	1077	2306;
1	33	9	160	320	960	2240;
1	33	9	160	320	960	2290;
1	33	10	143	543	1310	1643;
1	33	10	145	508	1309	1600;
2	34	1	230	370	2670	3100;
2	34	1	234	390	2760	3060;
2	34	2	234	468	2330	2930;
2	34	2	205	410	2380	2950;
2	34	3	190	550	2200	2880;
2	34	3	191	570	2100	3040;
2	34	4	200	800	1980	2810;
2	34	4	192	860	1920	2850;
2	34	5	227	635	1200	3250;
2	34	5	200	700	1200	3100;
2	34	6	210	880	1240	2870;
2	34	6	188	830	1200	2880;
2	34	7	207	570	830	3300;
2	34	7	200	700	1000	3130;
2	34	8	240	410	940	3040;
2	34	8	225	450	970	3190;
2	34	9	238	480	955	2960;
2	34	9	208	395	810	2900;
2	34	10	200	500	1850	2100;
2	34	10	200	560	1750	2100;
2	35	1	225	270	2760	3550;
2	35	1	240	290	2700	3350;
2	35	2	245	460	2500	3220;
2	35	2	220	410	2400	3240;
2	35	3	220	620	2300	3200;
2	35	3	210	630	2300	3170;
2	35	4	220	820	2180	2850;
2	35	4	195	740	2120	3070;
2	35	5	240	800	1300	2900;
2	35	5	225	760	1400	2830;
2	35	6	214	850	1120	2620;
2	35	6	190	880	1220	2850;
2	35	7	228	460	900	2830;
2	35	7	222	440	880	2850;
2	35	8	250	500	1040	2750;
2	35	8	245	490	1000	2720;
2	35	9	250	400	940	2720;
2	35	9	245	410	860	2700;
2	35	10	225	440	1560	1750;
2	35	10	210	420	1600	1750;
2	36	1	210	290	2700	3020;
2	36	1	215	280	2630	3240;
2	36	2	211	420	2300	2950;
2	36	2	211	420	2220	2980;
2	36	3	207	640	2120	2900;
2	36	3	221	700	2000	2900;
2	36	4	212	1000	1830	2820;
2	36	4	204	980	1800	2820;
2	36	5	205	780	1410	2720;
2	36	5	208	710	1450	2750;
2	36	6	205	950	1280	2600;
2	36	6	210	870	1260	2740;
2	36	7	203	610	900	2710;
2	36	7	210	630	840	2700;
2	36	8	211	440	1050	2780;
2	36	8	210	420	1050	2740;
2	36	9	222	380	860	2500;
2	36	9	208	330	750	2740;
2	36	10	208	580	1450	1720;
2	36	10	212	540	1560	1900;
2	37	1	210	294	2800	3100;
2	37	1	222	270	2880	3160;
2	37	2	202	420	2430	3030;
2	37	2	212	420	2370	2930;
2	37	3	200	580	2180	2770;
2	37	3	217	540	2160	2770;
2	37	4	200	820	1970	2620;
2	37	4	210	840	2000	2700;
2	37	5	208	690	1200	2900;
2	37	5	201	666	1206	2900;
2	37	6	200	800	1200	2920;
2	37	6	190	760	1140	2850;
2	37	7	200	560	760	2800;
2	37	7	207	560	770	3000;
2	37	8	215	430	1075	2580;
2	37	8	213	430	1000	2700;
2	37	9	220	330	840	2550;
2	37	9	213	280	850	2500;
2	37	10	205	430	1800	1930;
2	37	10	200	420	1740	1960;
2	38	1	175	350	2800	3160;
2	38	1	187	338	2870	3300;
2	38	2	200	400	2540	3200;
2	38	2	210	420	2680	3000;
2	38	3	180	518	2470	3200;
2	38	3	200	600	2400	3150;
2	38	4	171	773	2000	2870;
2	38	4	175	875	2100	2970;
2	38	5	183	733	1468	2700;
2	38	5	200	740	1280	2900;
2	38	6	178	730	1210	2740;
2	38	6	175	735	1220	2850;
2	38	7	160	560	960	2850;
2	38	7	192	536	850	2850;
2	38	8	212	424	1040	2780;
2	38	8	200	520	1060	2670;
2	38	9	190	380	770	2900;
2	38	9	187	340	750	2780;
2	38	10	177	490	2120	2480;
2	38	10	197	493	1930	2300;
2	39	1	250	325	2700	3100;
2	39	1	225	310	2750	3225;
2	39	2	214	350	2580	3000;
2	39	2	267	390	2700	3200;
2	39	3	233	560	2330	2800;
2	39	3	200	520	2500	3000;
2	39	4	171	806	1970	2600;
2	39	4	150	825	1860	2550;
2	39	5	186	708	1485	2760;
2	39	5	188	676	1500	2590;
2	39	6	200	800	1200	2800;
2	39	6	205	714	1154	2850;
2	39	7	267	530	800	2780;
2	39	7	180	485	810	2750;
2	39	8	214	450	1460	2550;
2	39	8	233	467	1400	2450;
2	39	9	225	450	1080	2350;
2	39	9	200	400	1000	2400;
2	39	10	193	524	1700	2130;
2	39	10	180	507	1800	2380;
2	40	1	200	300	3100	3400;
2	40	1	216	300	3100	3500;
2	40	2	214	428	2570	3000;
2	40	2	220	440	2640	3080;
2	40	3	210	528	2540	3170;
2	40	3	210	504	2520	3200;
2	40	4	187	940	2250	2760;
2	40	4	200	820	2200	2920;
2	40	5	204	816	1450	2700;
2	40	5	214	858	1500	2700;
2	40	6	200	960	1280	3000;
2	40	6	180	1040	1300	3000;
2	40	7	220	520	880	2500;
2	40	7	217	574	890	2510;
2	40	8	233	466	1330	2750;
2	40	8	233	466	1165	2800;
2	40	9	180	300	850	2800;
2	40	9	175	350	840	2750;
2	40	10	216	432	1790	2060;
2	40	10	219	360	1900	2320;
2	41	1	225	337	2700	3300;
2	41	1	233	340	2720	3200;
2	41	2	237	474	2370	3095;
2	41	2	237	475	2400	3090;
2	41	3	229	526	2360	3090;
2	41	3	233	580	2360	3150;
2	41	4	230	690	2185	2990;
2	41	4	220	660	2200	3020;
2	41	5	225	675	1551	2923;
2	41	5	233	690	1630	2900;
2	41	6	222	845	1334	2890;
2	41	6	233	888	1290	2800;
2	41	7	225	631	923	2250;
2	41	7	233	543	980	2300;
2	41	8	233	537	1360	2920;
2	41	8	240	480	1345	2680;
2	41	9	235	400	1180	2760;
2	41	9	233	396	1120	2560;
2	41	10	225	450	1640	2250;
2	41	10	233	489	1630	2090;
2	42	1	225	225	2760	3900;
2	42	1	230	230	2850	3800;
2	42	2	238	429	2560	3200;
2	42	2	230	430	2575	3100;
2	42	3	214	579	2570	3300;
2	42	3	214	536	2570	3100;
2	42	4	205	823	2220	2870;
2	42	4	200	800	2100	2900;
2	42	5	250	750	1500	2750;
2	42	5	217	738	1300	2820;
2	42	6	200	840	1300	3100;
2	42	6	206	990	1340	3100;
2	42	7	214	579	856	2790;
2	42	7	205	545	905	2750;
2	42	8	233	490	1220	2610;
2	42	8	250	513	1500	2650;
2	42	9	250	400	1250	2500;
2	42	9	225	405	1080	2500;
2	42	10	233	466	1860	2260;
2	42	10	225	540	1780	2220;
2	43	1	240	290	3000	3840;
2	43	1	250	325	2900	3500;
2	43	2	250	500	2370	3120;
2	43	2	238	476	2380	3090;
2	43	3	238	760	2380	3205;
2	43	3	233	746	2290	3030;
2	43	4	206	1008	1990	2870;
2	43	4	200	1040	2000	2800;
2	43	5	220	830	1540	2860;
2	43	5	237	900	1510	2840;
2	43	6	206	970	1343	3018;
2	43	6	236	592	1230	2600;
2	43	7	233	650	900	2920;
2	43	7	229	687	1060	2780;
2	43	8	233	512	1211	2630;
2	43	8	233	467	1167	2595;
2	43	9	250	450	875	2750;
2	43	9	233	420	935	2710;
2	43	10	230	622	1750	2070;
2	43	10	225	652	1710	2043;
2	44	1	255	275	2800	3310;
2	44	1	245	245	2800	3300;
2	44	2	267	534	2500	3250;
2	44	2	264	528	2640	3370;
2	44	3	238	700	2380	3250;
2	44	3	250	750	2480	3000;
2	44	4	237	1020	1900	2960;
2	44	4	233	1005	2050	2870;
2	44	5	263	750	1500	2850;
2	44	5	250	850	1400	2750;
2	44	6	258	978	1290	2840;
2	44	6	246	935	1230	2730;
2	44	7	250	500	750	2750;
2	44	7	243	632	850	2850;
2	44	8	250	350	1170	2750;
2	44	8	266	450	1000	2800;
2	44	9	256	358	640	2560;
2	44	9	250	300	750	2500;
2	44	10	260	520	1560	1820;
2	44	10	250	500	1500	1750;
2	45	1	236	236	2790	3760;
2	45	1	242	242	2770	3800;
2	45	2	222	444	2555	3110;
2	45	2	242	420	2700	3120;
2	45	3	226	634	2325	2940;
2	45	3	225	608	2475	3100;
2	45	4	210	1010	2060	2900;
2	45	4	200	980	2160	2920;
2	45	5	217	818	1450	2500;
2	45	5	200	750	1280	2650;
2	45	6	220	820	1200	2640;
2	45	6	210	900	1120	2900;
2	45	7	220	440	749	2640;
2	45	7	210	567	752	2600;
2	45	8	204	460	1045	2504;
2	45	8	240	480	1105	2400;
2	45	9	250	420	1000	2500;
2	45	9	275	350	1100	2400;
2	45	10	217	487	1500	1780;
2	45	10	206	467	1420	1640;
2	46	1	225	360	2920	3400;
2	46	1	233	340	2840	3300;
2	46	2	257	514	2570	3070;
2	46	2	238	500	2680	3260;
2	46	3	238	650	2495	3090;
2	46	3	216	650	2380	3030;
2	46	4	225	1020	2030	2700;
2	46	4	225	1000	2200	2770;
2	46	5	225	788	1462	2920;
2	46	5	217	736	1500	2900;
2	46	6	214	987	1330	2830;
2	46	6	214	1009	1415	3080;
2	46	7	226	672	1084	2495;
2	46	7	209	627	1045	2504;
2	46	8	250	500	1200	2450;
2	46	8	230	460	1150	2880;
2	46	9	267	420	990	2860;
2	46	9	190	380	893	2920;
2	46	10	246	610	1630	2020;
2	46	10	225	585	1700	1850;
2	47	1	285	285	2900	3500;
2	47	1	286	310	2900	3400;
2	47	2	297	480	2670	3260;
2	47	2	220	440	2620	3380;
2	47	3	173	550	2370	3140;
2	47	3	260	520	2340	3040;
2	47	4	167	790	2180	3020;
2	47	4	280	840	2160	3020;
2	47	5	280	840	1400	2750;
2	47	5	270	760	1330	2950;
2	47	6	252	900	1290	2750;
2	47	6	260	900	1240	3110;
2	47	7	175	700	1050	2750;
2	47	7	190	720	1080	3030;
2	47	8	286	540	1200	2860;
2	47	8	205	570	1200	2970;
2	47	9	328	400	980	2630;
2	47	9	290	440	990	2900;
2	47	10	286	570	2000	2480;
2	47	10	260	510	1850	2350;
2	48	1	170	340	2750	3120;
2	48	1	238	360	2760	3120;
2	48	2	167	480	2390	2950;
2	48	2	194	520	2450	3000;
2	48	3	220	620	2520	2920;
2	48	3	222	620	2440	2880;
2	48	4	222	1110	2160	2700;
2	48	4	214	1070	1960	2750;
2	48	5	217	820	1240	2600;
2	48	5	216	860	1300	2670;
2	48	6	150	840	1110	2930;
2	48	6	170	850	1120	2850;
2	48	7	200	500	700	2930;
2	48	7	212	380	720	2700;
2	48	8	235	400	940	2820;
2	48	8	214	380	860	2680;
2	48	9	196	330	760	2870;
2	48	9	188	350	710	2760;
2	48	10	182	550	1780	2080;
2	48	10	201	600	1750	2000;
2	49	1	200	320	2360	2980;
2	49	1	203	304	2380	3050;
2	49	2	211	444	2220	2740;
2	49	2	210	420	2090	2780;
2	49	3	200	500	2350	2830;
2	49	3	200	600	2200	2700;
2	49	4	192	845	1700	2300;
2	49	4	187	860	1724	2530;
2	49	5	200	720	1440	2380;
2	49	5	191	707	1470	2440;
2	49	6	200	700	1080	2420;
2	49	6	192	767	1150	2590;
2	49	7	200	600	860	2410;
2	49	7	200	600	900	2400;
2	49	8	210	546	1090	2400;
2	49	8	210	462	1240	2310;
2	49	9	257	360	930	2260;
2	49	9	220	440	1100	2300;
2	49	10	200	540	1400	1800;
2	49	10	204	460	1350	1560;
2	50	1	203	406	2600	2945;
2	50	1	200	400	2600	3100;
2	50	2	200	460	2300	2800;
2	50	2	210	420	2305	2835;
2	50	3	190	570	2100	2720;
2	50	3	207	538	2175	2880;
2	50	4	189	850	1853	2685;
2	50	4	193	830	1800	2620;
2	50	5	200	720	1500	2560;
2	50	5	200	800	1400	2420;
2	50	6	194	915	1280	2530;
2	50	6	206	723	1196	2600;
2	50	7	192	575	1073	2490;
2	50	7	200	600	1100	2600;
2	50	8	202	520	1210	2420;
2	50	8	212	468	1275	2550;
2	50	9	207	370	1000	2470;
2	50	9	205	330	970	2460;
2	50	10	200	560	1600	1900;
2	50	10	206	514	1540	1955;
2	51	1	240	380	2880	3360;
2	51	1	250	380	2820	3300;
2	51	2	233	514	2600	2930;
2	51	2	237	473	2660	2970;
2	51	3	223	567	2460	3122;
2	51	3	224	521	2460	2920;
2	51	4	218	808	2070	2880;
2	51	4	203	678	2420	3080;
2	51	5	200	800	1340	2700;
2	51	5	214	772	1280	2660;
2	51	6	183	843	1190	2860;
2	51	6	205	740	1160	2780;
2	51	7	222	623	1022	2700;
2	51	7	220	594	990	2640;
2	51	8	240	480	960	2820;
2	51	8	242	484	900	2640;
2	51	9	233	370	933	2520;
2	51	9	250	325	750	2500;
2	51	10	225	450	1680	2050;
2	51	10	233	466	1630	1865;
2	52	1	200	320	2750	3100;
2	52	1	178	356	2755	3200;
2	52	2	194	388	2622	3050;
2	52	2	194	426	2460	3040;
2	52	3	187	592	2242	2765;
2	52	3	191	535	2290	2870;
2	52	4	188	750	2060	2770;
2	52	4	162	650	2110	2618;
2	52	5	187	618	1518	2700;
2	52	5	183	624	1430	2660;
2	52	6	163	766	1180	2340;
2	52	6	167	750	1065	2640;
2	52	7	170	595	918	2600;
2	52	7	176	630	985	2630;
2	52	8	200	420	1200	2600;
2	52	8	200	460	1260	2640;
2	52	9	187	375	1124	2685;
2	52	9	188	375	1143	2700;
2	52	10	180	504	1565	1835;
2	52	10	183	513	1578	1830;
2	53	1	280	357	2800	3360;
2	53	1	275	340	2860	3350;
2	53	2	290	480	2600	3060;
2	53	2	292	465	2598	3060;
2	53	3	250	700	2350	2980;
2	53	3	240	737	2325	3100;
2	53	4	200	960	2100	3000;
2	53	4	217	1030	2200	3260;
2	53	5	275	920	1512	2950;
2	53	5	260	910	1688	3050;
2	53	6	275	990	1237	2360;
2	53	6	267	987	1172	3180;
2	53	7	267	587	1068	3270;
2	53	7	293	560	990	3150;
2	53	8	275	520	1350	3190;
2	53	8	280	510	1415	3130;
2	53	9	300	420	1045	3060;
2	53	9	300	390	960	3030;
2	53	10	230	460	1860	2250;
2	53	10	214	504	1820	2290;
2	54	1	200	240	2760	3700;
2	54	1	220	220	2850	3800;
2	54	2	228	319	2500	3020;
2	54	2	216	324	2500	3010;
2	54	3	220	616	2380	2900;
2	54	3	212	615	2300	2800;
2	54	4	212	710	2120	2600;
2	54	4	210	690	2250	2680;
2	54	5	221	800	1520	2380;
2	54	5	210	780	1470	2400;
2	54	6	199	995	1392	2290;
2	54	6	200	1000	1400	2440;
2	54	7	205	656	944	2250;
2	54	7	200	720	960	2380;
2	54	8	223	335	1049	2470;
2	54	8	210	420	1009	2300;
2	54	9	219	329	877	2550;
2	54	9	230	340	900	2530;
2	54	10	206	400	1380	1560;
2	54	10	201	400	1240	1480;
2	55	1	220	286	2800	3550;
2	55	1	241	289	2800	3400;
2	55	2	225	383	2420	3080;
2	55	2	240	384	2400	3050;
2	55	3	209	418	2430	3110;
2	55	3	230	460	2300	3050;
2	55	4	187	861	2100	2800;
2	55	4	224	896	2040	3000;
2	55	5	218	654	1160	2800;
2	55	5	230	690	1195	2770;
2	55	6	208	860	1103	2700;
2	55	6	212	806	1060	2850;
2	55	7	202	606	910	2900;
2	55	7	201	583	860	2840;
2	55	8	225	340	900	2650;
2	55	8	235	470	1100	2560;
2	55	9	205	308	1025	2650;
2	55	9	235	329	1151	2560;
2	55	10	213	533	1425	1830;
2	55	10	214	535	1412	1800;
2	56	1	236	307	2670	3150;
2	56	1	245	340	2700	3250;
2	56	2	231	417	2300	3000;
2	56	2	239	410	2200	2910;
2	56	3	222	644	2250	3000;
2	56	3	224	670	2300	2880;
2	56	4	224	784	1800	2750;
2	56	4	234	820	1750	2890;
2	56	5	225	765	1300	2700;
2	56	5	221	730	1390	2790;
2	56	6	225	834	1282	2800;
2	56	6	212	850	1270	2760;
2	56	7	229	688	1029	2750;
2	56	7	222	670	1040	2640;
2	56	8	251	427	1506	2640;
2	56	8	240	460	1370	2610;
2	56	9	236	378	1416	2580;
2	56	9	239	380	1430	2610;
2	56	10	230	460	1200	1909;
2	56	10	225	410	1580	1800;
2	57	1	256	384	2860	3210;
2	57	1	250	375	3000	3400;
2	57	2	230	460	2665	3140;
2	57	2	233	467	2680	3150;
2	57	3	229	640	2400	2860;
2	57	3	233	630	2530	3030;
2	57	4	233	700	2560	3150;
2	57	4	225	675	2510	3145;
2	57	5	240	768	1440	2855;
2	57	5	234	794	1447	2920;
2	57	6	227	978	1362	2724;
2	57	6	233	933	1350	2610;
2	57	7	240	700	1080	2810;
2	57	7	240	720	1090	2840;
2	57	8	243	500	1215	2870;
2	57	8	239	500	1240	2860;
2	57	9	263	470	1000	2820;
2	57	9	272	378	950	2990;
2	57	10	243	480	1410	1700;
2	57	10	243	493	1580	1775;
2	58	1	268	320	2900	3200;
2	58	1	263	290	2750	3050;
2	58	2	258	460	2380	2940;
2	58	2	251	480	2260	2980;
2	58	3	246	640	2220	2900;
2	58	3	250	670	2250	2960;
2	58	4	243	950	1970	2890;
2	58	4	244	980	1950	2920;
2	58	5	251	750	1280	2760;
2	58	5	258	770	1340	2800;
2	58	6	250	950	1130	3160;
2	58	6	256	850	1150	2940;
2	58	7	242	530	870	2680;
2	58	7	250	600	900	2770;
2	58	8	250	600	1225	2500;
2	58	8	264	630	1320	2560;
2	58	9	258	440	1290	2530;
2	58	9	269	460	1080	2640;
2	58	10	250	600	1500	2000;
2	58	10	254	610	1520	1950;
2	59	1	234	280	2690	3040;
2	59	1	261	280	2740	2980;
2	59	2	260	470	2500	3400;
2	59	2	262	440	2480	3240;
2	59	3	242	730	2300	3100;
2	59	3	260	750	2340	3120;
2	59	4	233	860	2070	2880;
2	59	4	240	890	1920	2710;
2	59	5	257	770	1540	2840;
2	59	5	257	800	1410	2860;
2	59	6	240	790	1250	3080;
2	59	6	241	820	1210	2960;
2	59	7	234	408	695	3040;
2	59	7	246	420	590	3100;
2	59	8	251	500	1230	2520;
2	59	8	256	480	1230	2750;
2	59	9	263	419	1050	2850;
2	59	9	278	390	1060	2800;
2	59	10	220	420	1720	1900;
2	59	10	255	510	1680	1890;
2	60	1	208	270	2820	3450;
2	60	1	225	250	2880	3350;
2	60	2	220	370	2530	3060;
2	60	2	250	400	2600	3120;
2	60	3	214	640	2360	3020;
2	60	3	219	650	2430	3040;
2	60	4	205	900	2090	3000;
2	60	4	200	860	2160	2870;
2	60	5	214	750	1540	2800;
2	60	5	214	770	1530	2780;
2	60	6	195	920	1350	2550;
2	60	6	210	920	1470	2690;
2	60	7	194	720	1110	2420;
2	60	7	200	700	1100	2780;
2	60	8	222	470	1200	2900;
2	60	8	237	470	1190	2800;
2	60	9	240	380	980	3100;
2	60	9	188	340	920	3050;
2	60	10	222	530	1670	2050;
2	60	10	200	500	1720	1900;
2	61	1	258	310	2740	3200;
2	61	1	262	262	2680	3170;
2	61	2	262	450	2310	3020;
2	61	2	263	472	2270	2950;
2	61	3	245	640	1980	2920;
2	61	3	235	700	2110	2940;
2	61	4	194	810	1860	2620;
2	61	4	234	890	1800	2700;
2	61	5	230	710	1340	2780;
2	61	5	245	740	1470	2940;
2	61	6	225	830	1020	2650;
2	61	6	219	830	1095	2610;
2	61	7	240	600	850	2760;
2	61	7	253	455	810	2750;
2	61	8	282	400	1070	2530;
2	61	8	250	450	1050	2450;
2	61	9	260	290	670	2380;
2	61	9	275	330	630	2460;
2	61	10	240	500	1630	2040;
2	61	10	243	490	1580	2190;
3	62	1	228	460	3300	3950;
3	62	1	200	400	3400	3850;
3	62	2	205	600	2550	4000;
3	62	2	205	610	2500	4100;
3	62	3	225	600	2750	3600;
3	62	3	210	760	2500	3850;
3	62	4	200	1000	2300	3900;
3	62	4	200	800	2500	4050;
3	62	5	200	1000	1750	3550;
3	62	5	223	1110	1690	4040;
3	62	6	205	1220	1560	3650;
3	62	6	200	1300	1800	3450;
3	62	7	219	660	1100	3850;
3	62	7	217	690	1090	3900;
3	62	8	206	620	1420	3700;
3	62	8	220	620	1410	3520;
3	62	9	233	440	900	3900;
3	62	9	200	400	650	3800;
3	62	10	210	610	2300	2900;
3	62	10	200	450	2150	2550;
3	63	1	290	320	3500	4260;
3	63	1	305	350	3400	4100;
3	63	2	322	640	3200	3660;
3	63	2	325	650	3000	3800;
3	63	3	270	850	2900	3680;
3	63	3	285	700	3120	3750;
3	63	4	256	1130	2560	3500;
3	63	4	285	1140	2000	3560;
3	63	5	310	1130	1740	3670;
3	63	5	300	1000	1800	3450;
3	63	6	265	1170	1500	3440;
3	63	6	283	980	1300	3100;
3	63	7	265	530	1060	3450;
3	63	7	272	540	1080	3000;
3	63	8	285	560	1440	3500;
3	63	8	294	570	1450	3500;
3	63	9	333	350	1280	3650;
3	63	9	290	340	1160	2950;
3	63	10	275	560	1740	2460;
3	63	10	302	600	1800	2200;
3	64	1	240	380	3140	3700;
3	64	1	258	310	3350	3650;
3	64	2	290	580	2760	3400;
3	64	2	250	500	2660	3500;
3	64	3	250	780	2450	3400;
3	64	3	240	672	2550	3400;
3	64	4	240	660	2900	3370;
3	64	4	215	760	2850	3300;
3	64	5	250	880	1500	3200;
3	64	5	243	850	1700	3250;
3	64	6	250	940	1380	2400;
3	64	6	276	1200	1500	3160;
3	64	7	250	750	1250	3450;
3	64	7	225	675	950	3240;
3	64	8	300	610	1500	3300;
3	64	8	275	500	1370	3500;
3	64	9	256	300	1280	3150;
3	64	9	250	400	1300	3700;
3	64	10	250	500	1540	1700;
3	64	10	242	580	1620	1790;
3	65	1	291	410	3200	3800;
3	65	1	264	420	3400	3900;
3	65	2	291	580	2900	3820;
3	65	2	280	560	2840	3900;
3	65	3	292	810	2640	4200;
3	65	3	270	780	2720	4100;
3	65	4	270	1080	2480	3950;
3	65	4	245	1050	2420	4000;
3	65	5	286	970	1600	3950;
3	65	5	250	800	1680	3800;
3	65	6	275	1040	1350	3850;
3	65	6	250	1100	1460	4250;
3	65	7	286	770	1150	3950;
3	65	7	273	710	1200	3900;
3	65	8	285	680	1420	3800;
3	65	8	278	640	1350	3950;
3	65	9	300	420	1110	3640;
3	65	9	280	505	1050	3400;
3	65	10	320	640	1940	2820;
3	65	10	265	610	2100	2600;
3	66	1	330	460	2800	3550;
3	66	1	333	490	2730	3550;
3	66	2	310	560	2500	3450;
3	66	2	310	580	2500	3450;
3	66	3	286	800	2300	3750;
3	66	3	310	835	2420	3740;
3	66	4	282	950	2150	3650;
3	66	4	310	1000	2150	3700;
3	66	5	293	880	1700	3750;
3	66	5	340	900	1600	3650;
3	66	6	299	990	1410	3750;
3	66	6	280	1050	1320	3730;
3	66	7	285	770	940	3750;
3	66	7	333	680	1020	3700;
3	66	8	322	550	1195	3750;
3	66	8	350	550	1340	3500;
3	66	9	316	600	1200	3600;
3	66	9	345	550	1100	3470;
3	66	10	310	805	1705	2420;
3	66	10	310	710	1700	2400;
3	67	1	210	340	3400	4320;
3	67	1	227	590	3610	4220;
3	67	2	235	680	3250	4380;
3	67	2	220	440	3000	3790;
3	67	3	212	660	2900	3610;
3	67	3	216	610	2760	3650;
3	67	4	214	1240	2700	3640;
3	67	4	215	1050	2550	3550;
3	67	5	216	820	1470	3500;
3	67	5	211	970	1410	3200;
3	67	6	218	1090	1380	3050;
3	67	6	212	860	1250	2800;
3	67	7	211	800	1220	3700;
3	67	7	214	640	1070	3000;
3	67	8	219	660	1360	3700;
3	67	8	214	730	1500	3600;
3	67	9	220	620	1100	3250;
3	67	9	216	600	1280	3650;
3	67	10	222	670	2130	2360;
3	67	10	205	760	2240	2460;
3	68	1	253	330	3250	3720;
3	68	1	262	340	3100	3400;
3	68	2	250	500	2500	3640;
3	68	2	278	530	2630	3640;
3	68	3	255	710	2550	3560;
3	68	3	250	750	2480	3470;
3	68	4	233	1140	2260	3640;
3	68	4	245	1110	2230	3380;
3	68	5	256	770	1540	3500;
3	68	5	257	800	1490	3300;
3	68	6	240	940	1400	3400;
3	68	6	245	930	1370	3120;
3	68	7	240	530	860	3400;
3	68	7	240	520	910	3420;
3	68	8	255	510	1250	3320;
3	68	8	260	520	1140	3320;
3	68	9	274	360	660	3050;
3	68	9	260	310	730	3500;
3	68	10	250	550	1500	1800;
3	68	10	239	480	1650	1960;
3	69	1	250	300	2950	3600;
3	69	1	270	320	3210	3600;
3	69	2	290	550	2610	3560;
3	69	2	286	540	2570	3600;
3	69	3	280	700	2500	3580;
3	69	3	263	600	2360	3400;
3	69	4	260	970	2400	3200;
3	69	4	250	950	2270	3200;
3	69	5	270	780	1650	3350;
3	69	5	250	720	1500	3240;
3	69	6	278	950	1200	2950;
3	69	6	250	920	1080	2770;
3	69	7	262	790	1050	2900;
3	69	7	250	750	1000	2500;
3	69	8	275	540	1430	3320;
3	69	8	263	530	1580	3200;
3	69	9	295	420	1500	3010;
3	69	9	260	450	1330	2840;
3	69	10	272	570	1880	2400;
3	69	10	255	510	1610	1910;
3	70	1	235	280	2820	3400;
3	70	1	244	317	3125	3500;
3	70	2	230	460	2520	3300;
3	70	2	212	420	2480	3140;
3	70	3	235	657	2300	3300;
3	70	3	232	672	2275	3300;
3	70	4	231	808	1950	3300;
3	70	4	225	870	2000	3200;
3	70	5	236	706	1410	3200;
3	70	5	211	720	1480	2880;
3	70	6	250	950	1350	3100;
3	70	6	227	910	1360	2950;
3	70	7	203	700	1120	3070;
3	70	7	230	690	920	2760;
3	70	8	250	475	1250	3150;
3	70	8	212	460	1210	2750;
3	70	9	244	403	1100	2950;
3	70	9	242	363	920	2900;
3	70	10	226	452	1580	1810;
3	70	10	232	510	1550	1740;
3	71	1	230	280	3140	3830;
3	71	1	250	300	3400	3950;
3	71	2	225	450	2700	3650;
3	71	2	250	400	2840	3700;
3	71	3	215	580	2650	3550;
3	71	3	220	620	2660	3770;
3	71	4	240	910	2370	3160;
3	71	4	233	930	2350	3450;
3	71	5	250	770	1650	3420;
3	71	5	230	690	1600	3350;
3	71	6	242	970	1450	3260;
3	71	6	225	1010	1650	3150;
3	71	7	232	670	1160	3550;
3	71	7	225	720	1260	3400;
3	71	8	216	500	1640	3580;
3	71	8	250	450	1440	3500;
3	71	9	290	350	1160	3260;
3	71	9	273	330	1090	3350;
3	71	10	240	430	1800	2400;
3	71	10	233	470	1840	2400;
3	72	1	275	330	3050	3800;
3	72	1	286	340	2860	3610;
3	72	2	280	500	2720	3360;
3	72	2	230	600	2750	3550;
3	72	3	245	735	2450	3300;
3	72	3	258	780	2560	3300;
3	72	4	235	940	2020	2580;
3	72	4	232	1070	2320	2900;
3	72	5	268	860	1530	3100;
3	72	5	256	970	1500	3050;
3	72	6	245	780	1250	3180;
3	72	6	236	970	970	3120;
3	72	7	258	825	1210	3100;
3	72	7	300	930	930	2900;
3	72	8	260	490	1460	2860;
3	72	8	286	570	1320	2840;
3	72	9	275	470	1400	2800;
3	72	9	286	370	1160	2800;
3	72	10	268	510	1660	2100;
3	72	10	250	480	1700	1830;
3	73	1	295	380	3200	4000;
3	73	1	267	350	3250	3700;
3	73	2	294	380	2960	3800;
3	73	2	300	520	2900	3600;
3	73	3	280	670	2790	3600;
3	73	3	275	620	2750	3500;
3	73	4	262	1070	2380	3100;
3	73	4	275	1130	2320	3110;
3	73	5	290	700	1730	2960;
3	73	5	270	725	1570	2900;
3	73	6	278	1110	1630	2780;
3	73	6	280	1130	1400	3000;
3	73	7	292	580	930	2950;
3	73	7	270	540	1070	3000;
3	73	8	300	450	1350	3000;
3	73	8	320	520	1600	3150;
3	73	9	307	460	1460	3070;
3	73	9	300	400	1700	3000;
3	73	10	300	540	1770	2040;
3	73	10	286	540	2050	2300;
3	74	1	300	300	3250	3850;
3	74	1	275	275	3280	3800;
3	74	2	286	570	2850	3400;
3	74	2	267	485	2630	3450;
3	74	3	264	650	2880	3500;
3	74	3	284	570	2900	3600;
3	74	4	260	1300	2280	3130;
3	74	4	260	1300	2160	3300;
3	74	5	275	850	1540	3020;
3	74	5	262	840	1580	2880;
3	74	6	250	1230	1300	3200;
3	74	6	286	1090	1230	2980;
3	74	7	265	850	850	2920;
3	74	7	285	685	1030	2900;
3	74	8	283	540	1420	3050;
3	74	8	300	600	1440	2900;
3	74	9	280	390	1340	2830;
3	74	9	284	340	1110	3080;
3	74	10	280	530	1650	1740;
3	74	10	286	550	1660	1770;
3	75	1	265	370	2950	3400;
3	75	1	290	370	2910	3480;
3	75	2	271	515	2740	3280;
3	75	2	290	485	2600	3200;
3	75	3	262	630	2520	3150;
3	75	3	272	565	2440	3120;
3	75	4	262	970	2030	2880;
3	75	4	275	915	2130	2900;
3	75	5	270	810	1600	3230;
3	75	5	280	760	1530	3180;
3	75	6	270	810	1350	2940;
3	75	6	275	1000	1360	3000;
3	75	7	270	535	970	2960;
3	75	7	275	550	1080	2850;
3	75	8	275	550	1420	3040;
3	75	8	295	570	1500	3000;
3	75	9	283	510	1700	3020;
3	75	9	278	500	1640	3050;
3	75	10	261	522	1830	2350;
3	75	10	282	530	1800	2250;
3	76	1	320	350	3240	3760;
3	76	1	344	344	3120	3640;
3	76	2	308	590	2760	3500;
3	76	2	320	540	2900	3500;
3	76	3	307	830	2750	3650;
3	76	3	308	800	2640	3540;
3	76	4	294	1140	2450	3230;
3	76	4	239	1130	2550	3150;
3	76	5	310	930	1540	3120;
3	76	5	315	950	1670	3150;
3	76	6	350	1190	1470	3150;
3	76	6	314	1070	1460	2950;
3	76	7	300	910	1200	3180;
3	76	7	330	830	1250	3250;
3	76	8	327	630	1310	3270;
3	76	8	322	610	1550	3400;
3	76	9	345	520	1250	3460;
3	76	9	334	500	1140	3380;
3	76	10	308	740	1850	2160;
3	76	10	328	660	1830	2200;
